3800.00000000001  3.046284E-16
3803.38541674615  6.712835E-16
3806.77083349229  -1.412732E-16
3810.15625023843  -1.264705E-16
3813.54166698457  3.686375E-16
3816.92708373071  3.907621E-16
3820.31250047685  1.818775E-16
3823.69791722299  1.504367E-16
3827.08333396912  1.140920E-16
3830.46875071526  2.615756E-16
3833.8541674614  2.350199E-16
3837.23958420754  3.760214E-17
3840.62500095368  1.222769E-16
3844.01041769982  3.052797E-16
3847.39583444596  1.374677E-16
3850.7812511921  5.080225E-17
3854.16666793824  8.669983E-17
3857.55208468438  2.537055E-16
3860.93750143052  1.401419E-16
3864.32291817666  -1.724881E-16
3867.7083349228  -1.583959E-18
3871.09375166894  -8.253118E-17
3874.47916841508  -9.040972E-18
3877.86458516122  -1.504866E-17
3881.25000190736  -1.056425E-16
3884.6354186535  7.444596E-17
3888.02083539964  7.299898E-17
3891.40625214578  1.411504E-16
3894.79166889192  2.117936E-16
3898.17708563805  -1.311838E-17
3901.56250238419  -6.673793E-17
3904.94791913033  1.750434E-16
3908.33333587647  1.483149E-16
3911.71875262261  3.654620E-16
3915.10416936875  4.613283E-17
3918.48958611489  -2.089363E-16
3921.87500286103  -1.393515E-17
3925.26041960717  6.261244E-18
3928.64583635331  1.237217E-16
3932.03125309945  5.381436E-17
3935.41666984559  -6.063061E-17
3938.80208659173  2.017396E-17
3942.18750333787  2.255297E-16
3945.57292008401  2.254781E-16
3948.95833683015  1.709373E-18
3952.34375357629  -1.061669E-16
3955.72917032243  8.791207E-17
3959.11458706857  1.857203E-16
3962.50000381471  8.723079E-17
3965.88542056085  -5.155735E-17
3969.27083730699  -1.403347E-16
3972.65625405313  6.781100E-17
3976.04167079926  1.647268E-16
3979.4270875454  6.390363E-17
3982.81250429154  3.065318E-18
3986.19792103768  1.058962E-16
3989.58333778382  5.744868E-17
3992.96875452996  1.088076E-16
3996.3541712761  5.433793E-17
3999.73958802224  -2.248070E-17
4003.12500476838  2.261941E-16
4006.51042151452  1.177852E-16
4009.89583826066  2.440863E-16
4013.2812550068  1.592945E-16
4016.66667175294  2.076446E-17
4020.05208849908  1.069305E-16
4023.43750524522  7.923611E-17
4026.82292199136  1.662283E-16
4030.2083387375  2.012419E-16
4033.59375548364  8.679420E-17
4036.97917222978  1.621932E-16
4040.36458897591  3.177327E-16
4043.75000572206  1.799442E-16
4047.13542246819  1.384288E-16
4050.52083921433  1.807557E-16
4053.90625596047  1.182789E-16
4057.29167270661  5.564285E-17
4060.67708945275  -1.593047E-16
4064.06250619889  1.356680E-16
4067.44792294503  1.141628E-16
4070.83333969117  1.650119E-16
4074.21875643731  4.290415E-16
4077.60417318345  4.886533E-16
4080.98958992959  3.341912E-16
4084.37500667573  2.373990E-16
4087.76042342187  1.580835E-16
4091.14584016801  2.063200E-16
4094.53125691415  3.137716E-16
4097.91667366029  2.139976E-16
4101.30209040643  1.751787E-16
4104.68750715257  1.835326E-16
4108.07292389871  2.890698E-16
4111.45834064485  1.791204E-16
4114.84375739098  4.801583E-17
4118.22917413712  1.888210E-16
4121.61459088326  2.855674E-16
4125.0000076294  1.996676E-16
4128.38542437554  2.320876E-16
4131.77084112168  1.155972E-16
4135.15625786782  2.045312E-16
4138.54167461396  2.808810E-16
4141.9270913601  3.247454E-16
4145.31250810624  4.443239E-16
4148.69792485238  2.342419E-16
4152.08334159852  8.825596E-17
4155.46875834466  1.195859E-16
4158.8541750908  4.796291E-17
4162.23959183694  3.482319E-16
4165.62500858308  4.412031E-16
4169.01042532922  3.461124E-16
4172.39584207536  2.995798E-16
4175.7812588215  2.391624E-16
4179.16667556764  3.024743E-16
4182.55209231378  2.123465E-16
4185.93750905991  1.882704E-16
4189.32292580606  1.845923E-16
4192.70834255219  1.365703E-16
4196.09375929833  1.207612E-16
4199.47917604447  2.533277E-16
4202.86459279061  3.078054E-16
4206.25000953675  9.852203E-17
4209.63542628289  2.031616E-16
4213.02084302903  2.565859E-16
4216.40625977517  1.822187E-16
4219.79167652131  2.082073E-16
4223.17709326745  2.312933E-16
4226.56251001359  1.782319E-16
4229.94792675973  7.876504E-17
4233.33334350587  1.337547E-16
4236.71876025201  9.966341E-17
4240.10417699815  6.492100E-17
4243.48959374429  2.024408E-17
4246.87501049043  4.716595E-17
4250.26042723657  1.472287E-16
4253.64584398271  3.046968E-17
4257.03126072885  -3.287742E-17
4260.41667747498  1.017034E-16
4263.80209422112  9.144093E-17
4267.18751096726  -1.705094E-17
4270.5729277134  2.074663E-16
4273.95834445954  1.496718E-16
4277.34376120568  2.140382E-17
4280.72917795182  1.953665E-16
4284.11459469796  2.899835E-16
4287.5000114441  3.025559E-16
4290.88542819024  2.084476E-16
4294.27084493638  1.358888E-16
4297.65626168252  2.010771E-16
4301.04167842866  2.398724E-16
4304.4270951748  2.792710E-16
4307.81251192094  1.665768E-16
4311.19792866708  1.446483E-16
4314.58334541322  8.515008E-17
4317.96876215936  1.798437E-16
4321.3541789055  2.448531E-16
4324.73959565164  1.782239E-16
4328.12501239778  1.488035E-16
4331.51042914392  1.976219E-16
4334.89584589005  2.930648E-16
4338.28126263619  3.243884E-16
4341.66667938233  2.242046E-16
4345.05209612847  1.726544E-16
4348.43751287461  2.459819E-16
4351.82292962075  1.808027E-16
4355.20834636689  1.277143E-16
4358.59376311303  6.700272E-17
4361.97917985917  1.009897E-16
4365.36459660531  1.905831E-16
4368.75001335145  3.624204E-16
4372.13543009759  1.529696E-16
4375.52084684373  1.385335E-16
4378.90626358987  2.915097E-16
4382.29168033601  1.862353E-16
4385.67709708215  1.829659E-16
4389.06251382829  2.843552E-16
4392.44793057443  2.169505E-16
4395.83334732057  1.063567E-16
4399.21876406671  2.018096E-16
4402.60418081285  2.486780E-16
4405.98959755899  1.473558E-16
4409.37501430512  3.337678E-16
4412.76043105126  2.453974E-16
4416.1458477974  1.799228E-16
4419.53126454354  3.124655E-16
4422.91668128968  3.259259E-16
4426.30209803582  4.096820E-16
4429.68751478196  3.341901E-16
4433.0729315281  1.812105E-16
4436.45834827424  1.692747E-16
4439.84376502038  2.726583E-16
4443.22918176652  2.930880E-16
4446.61459851266  3.118200E-16
4450.0000152588  4.191774E-16
4453.38543200494  3.337602E-16
4456.77084875108  2.764851E-16
4460.15626549722  2.310043E-16
4463.54168224336  2.900500E-16
4466.9270989895  3.497819E-16
4470.31251573564  2.854836E-16
4473.69793248178  3.068928E-16
4477.08334922792  3.453298E-16
4480.46876597405  2.664724E-16
4483.85418272019  2.975885E-16
4487.23959946633  3.170926E-16
4490.62501621247  4.205917E-16
4494.01043295861  3.533917E-16
4497.39584970475  4.168439E-16
4500.78126645089  4.036511E-16
4504.16668319703  4.567015E-16
4507.55209994317  4.354592E-16
4510.93751668931  2.665778E-16
4514.32293343545  3.340786E-16
4517.70835018159  3.479346E-16
4521.09376692773  2.598296E-16
4524.47918367387  3.353933E-16
4527.86460042001  3.322126E-16
4531.25001716615  3.290971E-16
4534.63543391229  3.836110E-16
4538.02085065843  3.673892E-16
4541.40626740457  2.894279E-16
4544.79168415071  1.939225E-16
4548.17710089684  1.934936E-16
4551.56251764299  2.208398E-16
4554.94793438912  2.609344E-16
4558.33335113526  3.351357E-16
4561.7187678814  3.507837E-16
4565.10418462754  2.580799E-16
4568.48960137368  2.486277E-16
4571.87501811982  1.798487E-16
4575.26043486596  1.598141E-16
4578.6458516121  2.864236E-16
4582.03126835824  3.446002E-16
4585.41668510438  4.249881E-16
4588.80210185052  3.574514E-16
4592.18751859666  2.853860E-16
4595.5729353428  2.369294E-16
4598.95835208894  2.722648E-16
4602.34376883508  2.869323E-16
4605.72918558122  1.669058E-16
4609.11460232736  9.861731E-17
4612.5000190735  1.504631E-16
4615.88543581964  2.509954E-16
4619.27085256577  2.484984E-16
4622.65626931191  3.088163E-16
4626.04168605805  2.987222E-16
4629.42710280419  1.831898E-16
4632.81251955033  3.018130E-16
4636.19793629647  3.344214E-16
4639.58335304261  3.264743E-16
4642.96876978875  3.490353E-16
4646.35418653489  3.610200E-16
4649.73960328103  4.073910E-16
4653.12502002717  3.468639E-16
4656.51043677331  2.207613E-16
4659.89585351945  2.882536E-16
4663.28127026559  3.307646E-16
4666.66668701173  2.992422E-16
4670.05210375787  2.603340E-16
4673.43752050401  3.198113E-16
4676.82293725015  2.648940E-16
4680.20835399629  1.798381E-16
4683.59377074243  2.354838E-16
4686.97918748857  2.528745E-16
4690.36460423471  2.423996E-16
4693.75002098085  1.684265E-16
4697.13543772699  8.114290E-17
4700.52085447312  1.037890E-16
4703.90627121927  2.355557E-16
4707.2916879654  1.627024E-16
4710.67710471154  2.265499E-16
4714.06252145768  2.886630E-16
4717.44793820382  2.163568E-16
4720.83335494996  1.737095E-16
4724.2187716961  1.573353E-16
4727.60418844224  2.454075E-16
4730.98960518838  3.224475E-16
4734.37502193452  1.959233E-16
4737.76043868066  2.528410E-16
4741.1458554268  3.371796E-16
4744.53127217294  2.729766E-16
4747.91668891908  3.064828E-16
4751.30210566522  2.941168E-16
4754.68752241136  3.243766E-16
4758.0729391575  3.748367E-16
4761.45835590364  3.303004E-16
4764.84377264978  2.718776E-16
4768.22918939592  2.008636E-16
4771.61460614205  2.408723E-16
4775.0000228882  3.444966E-16
4778.38543963433  3.325928E-16
4781.77085638047  2.595825E-16
4785.15627312661  2.791547E-16
4788.54168987275  3.972761E-16
4791.92710661889  3.680894E-16
4795.31252336503  2.907230E-16
4798.69794011117  2.263890E-16
4802.08335685731  1.628679E-16
4805.46877360345  2.514588E-16
4808.85419034959  3.463904E-16
4812.23960709573  3.365290E-16
4815.62502384187  2.767057E-16
4819.01044058801  2.050602E-16
4822.39585733415  1.988101E-16
4825.78127408029  1.810292E-16
4829.16669082643  2.478483E-16
4832.55210757257  3.784659E-16
4835.93752431871  3.097143E-16
4839.32294106485  1.561116E-16
4842.70835781099  1.855396E-16
4846.09377455712  2.148860E-16
4849.47919130326  2.714390E-16
4852.8646080494  2.084483E-16
4856.25002479554  2.192663E-16
4859.63544154168  2.946072E-16
4863.02085828782  1.785854E-16
4866.40627503396  1.660760E-16
4869.7916917801  1.543528E-16
4873.17710852624  1.739188E-16
4876.56252527238  1.729420E-16
4879.94794201852  2.616460E-16
4883.33335876466  2.614610E-16
4886.7187755108  2.181012E-16
4890.10419225694  1.849224E-16
4893.48960900308  1.442665E-16
4896.87502574922  1.221657E-16
4900.26044249536  1.637418E-16
4903.6458592415  1.840931E-16
4907.03127598764  2.092131E-16
4910.41669273378  1.116692E-16
4913.80210947992  1.106812E-16
4917.18752622605  1.319138E-16
4920.57294297219  1.822030E-16
4923.95835971833  8.113157E-17
4927.34377646447  1.306126E-16
4930.72919321061  1.046828E-16
4934.11460995675  1.834144E-16
4937.50002670289  1.922179E-16
4940.88544344903  1.718123E-16
4944.27086019517  3.151267E-16
4947.65627694131  1.994043E-16
4951.04169368745  1.063664E-16
4954.42711043359  1.459765E-16
4957.81252717973  1.380989E-16
4961.19794392587  2.127765E-16
4964.58336067201  2.215081E-16
4967.96877741815  2.275540E-16
4971.35419416429  2.022563E-16
4974.73961091043  1.575864E-16
4978.12502765657  1.206851E-16
4981.51044440271  1.022576E-16
4984.89586114884  1.269128E-16
4988.28127789498  1.829674E-16
4991.66669464112  1.935750E-16
4995.05211138726  1.701028E-16
4998.4375281334  1.953428E-16
5001.82294487954  1.633178E-16
5005.20836162568  1.045794E-16
5008.59377837182  1.508436E-16
5011.97919511796  2.617583E-16
5015.3646118641  1.869124E-16
5018.75002861024  1.232089E-16
5022.13544535638  1.288553E-16
5025.52086210252  1.308180E-16
5028.90627884866  1.069756E-16
5032.2916955948  1.257249E-16
5035.67711234094  1.788308E-16
5039.06252908708  2.677377E-16
5042.44794583322  2.624651E-16
5045.83336257936  1.421526E-16
5049.2187793255  5.692762E-17
5052.60419607164  1.278813E-16
5055.98961281778  2.006752E-16
5059.37502956392  1.939733E-16
5062.76044631006  2.113240E-16
5066.14586305619  1.860279E-16
5069.53127980233  1.490105E-16
5072.91669654847  1.596760E-16
5076.30211329461  2.352201E-16
5079.68753004075  1.346799E-16
5083.07294678689  2.033110E-16
5086.45836353303  1.854547E-16
5089.84378027917  2.348037E-16
5093.22919702531  2.480308E-16
5096.61461377145  2.345968E-16
5100.00003051759  2.243678E-16
5103.38544726373  2.580188E-16
5106.77086400987  2.285780E-16
5110.15628075601  2.053186E-16
5113.54169750215  1.748277E-16
5116.92711424829  2.369129E-16
5120.31253099443  1.932145E-16
5123.69794774057  2.348507E-16
5127.08336448671  2.244529E-16
5130.46878123285  2.202342E-16
5133.85419797899  2.271031E-16
5137.23961472512  1.838508E-16
5140.62503147127  1.420494E-16
5144.0104482174  1.839622E-16
5147.39586496355  2.103301E-16
5150.78128170968  2.420754E-16
5154.16669845582  2.648058E-16
5157.55211520196  2.390012E-16
5160.9375319481  2.974417E-16
5164.32294869424  2.229947E-16
5167.70836544038  2.103163E-16
5171.09378218652  2.957292E-16
5174.47919893266  2.769383E-16
5177.8646156788  2.427195E-16
5181.25003242494  2.969945E-16
5184.63544917108  3.046821E-16
5188.02086591722  3.219020E-16
5191.40628266336  3.287225E-16
5194.7916994095  2.917167E-16
5198.17711615564  2.343851E-16
5201.56253290178  2.225511E-16
5204.94794964792  2.546665E-16
5208.33336639406  2.732236E-16
5211.71878314019  2.650244E-16
5215.10419988634  3.033755E-16
5218.48961663247  2.693389E-16
5221.87503337861  2.740062E-16
5225.26045012475  2.847931E-16
5228.64586687089  2.110499E-16
5232.03128361703  2.112344E-16
5235.41670036317  2.485535E-16
5238.80211710931  2.293170E-16
5242.18753385545  2.353846E-16
5245.57295060159  2.931280E-16
5248.95836734773  3.081887E-16
5252.34378409387  2.737907E-16
5255.72920084001  2.054675E-16
5259.11461758615  2.213074E-16
5262.50003433229  2.873262E-16
5265.88545107843  2.930554E-16
5269.27086782457  2.908629E-16
5272.65628457071  2.426473E-16
5276.04170131685  2.241099E-16
5279.42711806299  3.090280E-16
5282.81253480913  3.034885E-16
5286.19795155527  2.427105E-16
5289.5833683014  2.414272E-16
5292.96878504754  2.727816E-16
5296.35420179368  3.009897E-16
5299.73961853982  2.460209E-16
5303.12503528596  2.367233E-16
5306.5104520321  2.214633E-16
5309.89586877824  1.752081E-16
5313.28128552438  1.769990E-16
5316.66670227052  1.773085E-16
5320.05211901666  2.058698E-16
5323.4375357628  2.224285E-16
5326.82295250894  2.059273E-16
5330.20836925508  2.345060E-16
5333.59378600122  1.256200E-16
5336.97920274736  9.575013E-17
5340.3646194935  1.214673E-16
5343.75003623964  1.557167E-16
5347.13545298578  1.898632E-16
5350.52086973192  1.763610E-16
5353.90628647806  1.525566E-16
5357.29170322419  2.385391E-16
5360.67711997033  2.378772E-16
5364.06253671647  1.144354E-16
5367.44795346261  1.332875E-16
5370.83337020875  1.379363E-16
5374.21878695489  2.190343E-16
5377.60420370103  1.842068E-16
5380.98962044717  1.966717E-16
5384.37503719331  2.222550E-16
5387.76045393945  2.034345E-16
5391.14587068559  1.740453E-16
5394.53128743173  1.985108E-16
5397.91670417787  2.114798E-16
5401.30212092401  2.052984E-16
5404.68753767015  1.606999E-16
5408.07295441629  1.435626E-16
5411.45837116243  1.475513E-16
5414.84378790857  1.215552E-16
5418.22920465471  1.441792E-16
5421.61462140085  1.227000E-16
5425.00003814699  1.278118E-16
5428.38545489313  1.620665E-16
5431.77087163926  1.550310E-16
5435.1562883854  1.559269E-16
5438.54170513154  1.311791E-16
5441.92712187768  1.219632E-16
5445.31253862382  1.301984E-16
5448.69795536996  1.656137E-16
5452.0833721161  1.977215E-16
5455.46878886224  2.523692E-16
5458.85420560838  2.068407E-16
5462.23962235452  2.104106E-16
5465.62503910066  1.609540E-16
5469.0104558468  7.136690E-17
5472.39587259294  1.025165E-16
5475.78128933908  1.366869E-16
5479.16670608522  1.394970E-16
5482.55212283136  1.523615E-16
5485.9375395775  1.904265E-16
5489.32295632364  2.585239E-16
5492.70837306978  1.763807E-16
5496.09378981592  9.539876E-17
5499.47920656206  2.003090E-16
5502.8646233082  1.595105E-16
5506.25004005433  1.771028E-16
5509.63545680047  1.704388E-16
5513.02087354661  1.416316E-16
5516.40629029275  1.651148E-16
5519.79170703889  1.294049E-16
5523.17712378503  1.496886E-16
5526.56254053117  1.235499E-16
5529.94795727731  9.198890E-17
5533.33337402345  1.133333E-16
5536.71879076959  1.621737E-16
5540.10420751573  1.648907E-16
5543.48962426187  1.718749E-16
5546.87504100801  2.134193E-16
5550.26045775415  1.503354E-16
5553.64587450029  1.264159E-16
5557.03129124643  1.879161E-16
5560.41670799257  1.665251E-16
5563.80212473871  1.344495E-16
5567.18754148485  1.346573E-16
5570.57295823098  1.463508E-16
5573.95837497713  1.512041E-16
5577.34379172326  2.187817E-16
5580.7292084694  1.308948E-16
5584.11462521554  7.604334E-17
5587.50004196168  1.661921E-16
5590.88545870782  1.629682E-16
5594.27087545396  1.832322E-16
5597.6562922001  1.252697E-16
5601.04170894624  1.030927E-16
5604.42712569238  1.055866E-16
5607.81254243852  2.241861E-16
5611.19795918466  1.792225E-16
5614.5833759308  1.720174E-16
5617.96879267694  1.766714E-16
5621.35420942308  1.916090E-16
5624.73962616922  2.124659E-16
5628.12504291536  2.082500E-16
5631.5104596615  1.304652E-16
5634.89587640764  1.094650E-16
5638.28129315378  7.790773E-17
5641.66670989992  1.362470E-16
5645.05212664605  1.794241E-16
5648.4375433922  1.783410E-16
5651.82296013833  1.706898E-16
5655.20837688447  1.490987E-16
5658.59379363061  1.561638E-16
5661.97921037675  1.625030E-16
5665.36462712289  1.797720E-16
5668.75004386903  1.738358E-16
5672.13546061517  1.624884E-16
5675.52087736131  2.054674E-16
5678.90629410745  1.631624E-16
5682.29171085359  7.568431E-17
5685.67712759973  4.840631E-17
5689.06254434587  7.724340E-17
5692.44796109201  1.005238E-16
5695.83337783815  2.023908E-16
5699.21879458429  1.284417E-16
5702.60421133043  1.551048E-16
5705.98962807657  1.165885E-16
5709.37504482271  1.441609E-16
5712.76046156885  1.302237E-16
5716.14587831499  1.136219E-16
5719.53129506113  1.009924E-16
5722.91671180726  1.363912E-16
5726.30212855341  1.607316E-16
5729.68754529954  1.392549E-16
5733.07296204568  1.149504E-16
5736.45837879182  1.685440E-16
5739.84379553796  1.956767E-16
5743.2292122841  1.615403E-16
5746.61462903024  1.739198E-16
5750.00004577638  1.425291E-16
5753.38546252252  1.079304E-16
5756.77087926866  1.225608E-16
5760.1562960148  1.160449E-16
5763.54171276094  1.602978E-16
5766.92712950708  1.173074E-16
5770.31254625322  1.119517E-16
5773.69796299936  1.775221E-16
5777.0833797455  1.454011E-16
5780.46879649164  1.564941E-16
5783.85421323778  1.727299E-16
5787.23962998392  1.843284E-16
5790.62504673005  1.118276E-16
5794.01046347619  1.175504E-16
5797.39588022233  1.401707E-16
5800.78129696847  2.128287E-16
5804.16671371461  1.898992E-16
5807.55213046075  2.038610E-16
5810.93754720689  2.208675E-16
5814.32296395303  1.756623E-16
5817.70838069917  1.859127E-16
5821.09379744531  1.722837E-16
5824.47921419145  1.986180E-16
5827.86463093759  1.629460E-16
5831.25004768373  1.061701E-16
5834.63546442987  1.518985E-16
5838.02088117601  2.027089E-16
5841.40629792215  2.316344E-16
5844.79171466829  1.835118E-16
5848.17713141443  1.503386E-16
5851.56254816057  2.155554E-16
5854.94796490671  1.636032E-16
5858.33338165285  1.417006E-16
5861.71879839898  1.795383E-16
5865.10421514512  2.157067E-16
5868.48963189126  1.928026E-16
5871.8750486374  1.986828E-16
5875.26046538354  2.052678E-16
5878.64588212968  1.571207E-16
5882.03129887582  1.525607E-16
5885.41671562196  2.312816E-16
5888.8021323681  2.255268E-16
5892.18754911424  2.336030E-16
5895.57296586038  2.637544E-16
5898.95838260652  1.712108E-16
5902.34379935266  1.815052E-16
5905.7292160988  2.337612E-16
5909.11463284494  2.133465E-16
5912.50004959108  2.192236E-16
5915.88546633722  2.079470E-16
5919.27088308336  2.175535E-16
5922.6562998295  2.060704E-16
5926.04171657564  1.831028E-16
5929.42713332178  2.290524E-16
5932.81255006792  2.359716E-16
5936.19796681405  2.114784E-16
5939.5833835602  2.526346E-16
5942.96880030633  2.256421E-16
5946.35421705247  1.829376E-16
5949.73963379861  1.703723E-16
5953.12505054475  1.788119E-16
5956.51046729089  2.033362E-16
5959.89588403703  2.019482E-16
5963.28130078317  2.181436E-16
5966.66671752931  1.864995E-16
5970.05213427545  1.686622E-16
5973.43755102159  2.420985E-16
5976.82296776773  2.116535E-16
5980.20838451387  2.095407E-16
5983.59380126001  2.352690E-16
5986.97921800615  2.303258E-16
5990.36463475229  2.091431E-16
5993.75005149843  2.615943E-16
5997.13546824457  2.771478E-16
6000.52088499071  2.120848E-16
6003.90630173685  2.423193E-16
6007.29171848298  2.344899E-16
6010.67713522913  1.609227E-16
6014.06255197526  1.728691E-16
6017.4479687214  1.711101E-16
6020.83338546754  1.683878E-16
6024.21880221368  2.247621E-16
6027.60421895982  2.386955E-16
6030.98963570596  2.212574E-16
6034.3750524521  1.792817E-16
6037.76046919824  1.603107E-16
6041.14588594438  1.450418E-16
6044.53130269052  1.442308E-16
6047.91671943666  1.767970E-16
6051.3021361828  1.860799E-16
6054.68755292894  2.247737E-16
6058.07296967508  2.032646E-16
6061.45838642122  1.804867E-16
6064.84380316736  1.632038E-16
6068.2292199135  1.405328E-16
6071.61463665964  1.512661E-16
6075.00005340578  1.203710E-16
6078.38547015192  1.249074E-16
6081.77088689806  1.787834E-16
6085.1563036442  1.935818E-16
6088.54172039034  1.910510E-16
6091.92713713648  1.760267E-16
6095.31255388261  2.629489E-16
6098.69797062875  1.919981E-16
6102.08338737489  2.185736E-16
6105.46880412103  1.961376E-16
6108.85422086717  2.184524E-16
6112.23963761331  1.602082E-16
6115.62505435945  1.708771E-16
6119.01047110559  2.024803E-16
6122.39588785173  2.342185E-16
6125.78130459787  2.174106E-16
6129.16672134401  2.281959E-16
6132.55213809015  2.247012E-16
6135.93755483629  1.701828E-16
6139.32297158243  1.909043E-16
6142.70838832857  2.439205E-16
6146.09380507471  2.265605E-16
6149.47922182085  2.215885E-16
6152.86463856699  2.027993E-16
6156.25005531313  1.537127E-16
6159.63547205927  2.347427E-16
6163.0208888054  1.817805E-16
6166.40630555154  1.638470E-16
6169.79172229768  1.749886E-16
6173.17713904382  2.360564E-16
6176.56255578996  2.564639E-16
6179.9479725361  2.131866E-16
6183.33338928224  2.037551E-16
6186.71880602838  1.921086E-16
6190.10422277452  1.472662E-16
6193.48963952066  1.355789E-16
6196.8750562668  1.626007E-16
6200.26047301294  1.907589E-16
6203.64588975908  2.057756E-16
6207.03130650522  2.034966E-16
6210.41672325136  1.836448E-16
6213.8021399975  1.738227E-16
6217.18755674364  2.367106E-16
6220.57297348978  1.712453E-16
6223.95839023592  1.158417E-16
6227.34380698206  1.334837E-16
6230.72922372819  1.305021E-16
6234.11464047433  1.443763E-16
6237.50005722047  1.385434E-16
6240.88547396661  1.346552E-16
6244.27089071275  1.241140E-16
6247.65630745889  1.093521E-16
6251.04172420503  1.139260E-16
6254.42714095117  1.444338E-16
6257.81255769731  1.609200E-16
6261.19797444345  1.407144E-16
6264.58339118959  1.064859E-16
6267.96880793573  1.308574E-16
6271.35422468187  1.961133E-16
6274.73964142801  1.752784E-16
6278.12505817415  1.171438E-16
6281.51047492029  1.627054E-16
6284.89589166643  1.514140E-16
6288.28130841257  1.420983E-16
6291.66672515871  1.684505E-16
6295.05214190485  1.658614E-16
6298.43755865099  1.941645E-16
6301.82297539712  1.531983E-16
6305.20839214327  2.011653E-16
6308.5938088894  2.097955E-16
6311.97922563555  1.294668E-16
6315.36464238168  1.421664E-16
6318.75005912782  1.793319E-16
6322.13547587396  1.529952E-16
6325.5208926201  1.521475E-16
6328.90630936624  1.711284E-16
6332.29172611238  1.660597E-16
6335.67714285852  1.446446E-16
6339.06255960466  1.336094E-16
6342.4479763508  1.396643E-16
6345.83339309694  1.376058E-16
6349.21880984308  1.733910E-16
6352.60422658922  1.697279E-16
6355.98964333536  1.130881E-16
6359.3750600815  1.836724E-16
6362.76047682764  1.319689E-16
6366.14589357378  1.141528E-16
6369.53131031992  1.515483E-16
6372.91672706606  1.426979E-16
6376.30214381219  1.359559E-16
6379.68756055833  1.583068E-16
6383.07297730447  1.768225E-16
6386.45839405061  1.300411E-16
6389.84381079675  1.382630E-16
6393.22922754289  1.825398E-16
6396.61464428903  1.472562E-16
6400.00006103517  1.154146E-16
6403.38547778131  1.282864E-16
6406.77089452745  1.611149E-16
6410.15631127359  1.129226E-16
6413.54172801973  1.978634E-16
6416.92714476587  1.624729E-16
6420.31256151201  1.237195E-16
6423.69797825815  1.399133E-16
6427.08339500429  1.619945E-16
6430.46881175043  1.416633E-16
6433.85422849657  1.203814E-16
6437.23964524271  9.439392E-17
6440.62506198885  9.455860E-17
6444.01047873498  1.288828E-16
6447.39589548113  1.157154E-16
6450.78131222726  1.261798E-16
6454.1667289734  1.619137E-16
6457.55214571954  1.402405E-16
6460.93756246568  1.206551E-16
6464.32297921182  7.978665E-17
6467.70839595796  1.334760E-16
6471.0938127041  1.260113E-16
6474.47922945024  1.138554E-16
6477.86464619638  1.106659E-16
6481.25006294252  1.169297E-16
6484.63547968866  1.161750E-16
6488.0208964348  1.272017E-16
6491.40631318094  1.513607E-16
6494.79172992708  1.439698E-16
6498.17714667322  1.472779E-16
6501.56256341936  1.361273E-16
6504.9479801655  1.100277E-16
6508.33339691164  1.252531E-16
6511.71881365778  9.916002E-17
6515.10423040392  1.142846E-16
6518.48964715005  1.650083E-16
6521.87506389619  8.873853E-17
6525.26048064233  1.114503E-16
6528.64589738847  1.603507E-16
6532.03131413461  1.786044E-16
6535.41673088075  1.327556E-16
6538.80214762689  1.271651E-16
6542.18756437303  1.150851E-16
6545.57298111917  1.144193E-16
6548.95839786531  1.482722E-16
6552.34381461145  1.518815E-16
6555.72923135759  1.438752E-16
6559.11464810373  1.278750E-16
6562.50006484987  1.357788E-16
6565.88548159601  1.378234E-16
6569.27089834215  1.008472E-16
6572.65631508829  1.382672E-16
6576.04173183443  1.397152E-16
6579.42714858057  1.254433E-16
6582.81256532671  7.450848E-17
6586.19798207285  1.238344E-16
6589.58339881898  9.502492E-17
6592.96881556512  1.031207E-16
6596.35423231126  8.710099E-17
6599.7396490574  9.346111E-17
6603.12506580354  1.339341E-16
6606.51048254968  1.259789E-16
6609.89589929582  1.672160E-16
6613.28131604196  1.791535E-16
6616.6667327881  1.409579E-16
6620.05214953424  1.682837E-16
6623.43756628038  1.596400E-16
6626.82298302652  1.327005E-16
6630.20839977266  1.208678E-16
6633.5938165188  1.229312E-16
6636.97923326494  1.044955E-16
6640.36465001108  1.237807E-16
6643.75006675722  1.567437E-16
6647.13548350336  8.127284E-17
6650.5209002495  1.167086E-16
6653.90631699564  2.078185E-16
6657.29173374178  2.124084E-16
6660.67715048792  1.598230E-16
6664.06256723406  1.219991E-16
6667.44798398019  1.378753E-16
6670.83340072634  1.756412E-16
6674.21881747247  1.814467E-16
6677.60423421861  1.408407E-16
6680.98965096475  9.915761E-17
6684.37506771089  1.322074E-16
6687.76048445703  1.138210E-16
6691.14590120317  1.435368E-16
6694.53131794931  1.534108E-16
6697.91673469545  1.308948E-16
6701.30215144159  1.425295E-16
6704.68756818773  1.531379E-16
6708.07298493387  1.119529E-16
6711.45840168001  1.250855E-16
6714.84381842615  1.121585E-16
6718.22923517229  9.380703E-17
6721.61465191843  1.332231E-16
6725.00006866457  1.345263E-16
6728.38548541071  1.181435E-16
6731.77090215684  1.142816E-16
6735.15631890299  7.814410E-17
6738.54173564912  6.443088E-17
6741.92715239526  1.350430E-16
6745.3125691414  1.585920E-16
6748.69798588754  1.359259E-16
6752.08340263368  1.289968E-16
6755.46881937982  1.496263E-16
6758.85423612596  1.407153E-16
6762.2396528721  1.016419E-16
6765.62506961824  1.429447E-16
6769.01048636438  1.759258E-16
6772.39590311052  1.298552E-16
6775.78131985666  1.174793E-16
6779.1667366028  1.153311E-16
6782.55215334894  1.322334E-16
6785.93757009508  1.224882E-16
6789.32298684122  1.286293E-16
6792.70840358736  1.211669E-16
6796.0938203335  1.574450E-16
6799.47923707964  1.992399E-16
6802.86465382577  1.729009E-16
6806.25007057192  1.768426E-16
6809.63548731806  1.440710E-16
6813.02090406419  1.278286E-16
6816.40632081033  1.501766E-16
6819.79173755648  1.305907E-16
6823.17715430261  1.093422E-16
6826.56257104875  1.248662E-16
6829.94798779489  1.193255E-16
6833.33340454103  9.466743E-17
6836.71882128717  9.832972E-17
6840.10423803331  1.053672E-16
6843.48965477945  8.982185E-17
6846.87507152559  1.371947E-16
6850.26048827173  1.545826E-16
6853.64590501787  1.339890E-16
6857.03132176401  9.669725E-17
6860.41673851015  1.150391E-16
6863.80215525629  1.019836E-16
6867.18757200243  7.539475E-17
6870.57298874857  1.036472E-16
6873.95840549471  9.736144E-17
6877.34382224085  6.819821E-17
6880.72923898698  1.052414E-16
6884.11465573313  1.061875E-16
6887.50007247926  9.899232E-17
6890.88548922541  9.963000E-17
6894.27090597154  7.182528E-17
6897.65632271768  8.362705E-17
6901.04173946382  1.312148E-16
6904.42715620996  1.075372E-16
6907.8125729561  1.139096E-16
6911.19798970224  1.154086E-16
6914.58340644838  1.245289E-16
6917.96882319452  1.390780E-16
6921.35423994066  1.380404E-16
6924.7396566868  8.168105E-17
6928.12507343294  5.829320E-17
6931.51049017908  1.332714E-16
6934.89590692522  1.313326E-16
6938.28132367136  8.837631E-17
6941.6667404175  9.136355E-17
6945.05215716364  1.161020E-16
6948.43757390978  8.113142E-17
6951.82299065592  9.194739E-17
6955.20840740205  1.066441E-16
6958.5938241482  1.063005E-16
6961.97924089433  9.729007E-17
6965.36465764047  1.061697E-16
6968.75007438661  1.021371E-16
6972.13549113275  9.395589E-17
6975.52090787889  8.865364E-17
6978.90632462503  7.038601E-17
6982.29174137117  7.208264E-17
6985.67715811731  5.868966E-17
6989.06257486345  4.689909E-17
6992.44799160959  5.705682E-17
6995.83340835573  5.594735E-17
6999.21882510187  3.688105E-17
7002.60424184801  4.823981E-17
7005.98965859415  8.788858E-17
7009.37507534029  6.903250E-17
7012.76049208643  6.786020E-17
7016.14590883257  6.626004E-17
7019.53132557871  3.925557E-17
7022.91674232485  4.786313E-17
7026.30215907099  6.091338E-17
7029.68757581712  7.199817E-17
7033.07299256326  6.349893E-17
7036.4584093094  6.676819E-17
7039.84382605554  4.522818E-17
7043.22924280169  8.988582E-17
7046.61465954782  6.797073E-17
7050.00007629396  6.562638E-17
7053.3854930401  7.230399E-17
7056.77090978624  8.052855E-17
7060.15632653238  4.747721E-17
7063.54174327852  5.209174E-17
7066.92716002466  7.740593E-17
7070.3125767708  7.259635E-17
7073.69799351694  8.762291E-17
7077.08341026308  9.774520E-17
7080.46882700922  6.938845E-17
7083.85424375536  9.455058E-17
7087.2396605015  7.249427E-17
7090.62507724764  8.252387E-17
7094.01049399378  7.615782E-17
7097.39591073992  7.014556E-17
7100.78132748606  6.310205E-17
7104.16674423219  6.968649E-17
7107.55216097834  8.955446E-17
7110.93757772447  7.967535E-17
7114.32299447061  6.451796E-17
7117.70841121675  5.108712E-17
7121.09382796289  6.815038E-17
7124.47924470903  1.072168E-16
7127.86466145517  8.963008E-17
7131.25007820131  1.092377E-16
7134.63549494745  8.083715E-17
7138.02091169359  8.286653E-17
7141.40632843973  5.043500E-17
7144.79174518587  8.131871E-17
7148.17716193201  1.509329E-16
7151.56257867815  1.248124E-16
7154.94799542429  7.423830E-17
7158.33341217043  8.530182E-17
7161.71882891657  1.076310E-16
7165.10424566271  1.063601E-16
7168.48966240885  1.208878E-16
7171.87507915499  1.091624E-16
7175.26049590112  8.319102E-17
7178.64591264726  1.179702E-16
7182.0313293934  6.261655E-17
7185.41674613954  9.122596E-17
7188.80216288568  6.167374E-17
7192.18757963182  6.827025E-17
7195.57299637796  8.174616E-17
7198.9584131241  9.895441E-17
7202.34382987024  1.162631E-16
7205.72924661638  1.089615E-16
7209.11466336252  7.834375E-17
7212.50008010866  1.044882E-16
7215.8854968548  1.361196E-16
7219.27091360094  1.152826E-16
7222.65633034708  1.125156E-16
7226.04174709322  8.243909E-17
7229.42716383936  9.826024E-17
7232.8125805855  1.036663E-16
7236.19799733164  5.334476E-17
7239.58341407778  6.839600E-17
7242.96883082392  7.148603E-17
7246.35424757006  9.019702E-17
7249.73966431619  7.180785E-17
7253.12508106233  6.143290E-17
7256.51049780847  8.805600E-17
7259.89591455461  8.995174E-17
7263.28133130075  1.050265E-16
7266.66674804689  1.039071E-16
7270.05216479303  9.081571E-17
7273.43758153917  8.450662E-17
7276.82299828531  7.235564E-17
7280.20841503145  9.737237E-17
7283.59383177759  1.278435E-16
7286.97924852373  9.420335E-17
7290.36466526987  4.979364E-17
7293.75008201601  7.259784E-17
7297.13549876215  9.247668E-17
7300.52091550829  6.826708E-17
7303.90633225443  8.366565E-17
7307.29174900057  8.139496E-17
7310.67716574671  7.815492E-17
7314.06258249285  1.389963E-16
7317.44799923898  1.193033E-16
7320.83341598512  8.751887E-17
7324.21883273126  9.330392E-17
7327.6042494774  8.447126E-17
7330.98966622354  7.805996E-17
7334.37508296968  6.727496E-17
7337.76049971582  8.267351E-17
7341.14591646196  1.103266E-16
7344.5313332081  1.095374E-16
7347.91674995424  1.241015E-16
7351.30216670038  1.218278E-16
7354.68758344652  8.990322E-17
7358.07300019266  1.046275E-16
7361.4584169388  8.614558E-17
7364.84383368494  8.539755E-17
7368.22925043108  9.141788E-17
7371.61466717722  7.589309E-17
7375.00008392336  6.467058E-17
7378.3855006695  8.274689E-17
7381.77091741564  8.146680E-17
7385.15633416178  1.014172E-16
7388.54175090791  1.100417E-16
7391.92716765406  9.014029E-17
7395.31258440019  1.028591E-16
7398.69800114633  9.060865E-17
7402.08341789247  7.161447E-17
7405.46883463861  1.053203E-16
7408.85425138475  1.389592E-16
7412.23966813089  1.219525E-16
7415.62508487703  1.115318E-16
7419.01050162317  7.207469E-17
7422.39591836931  7.031234E-17
7425.78133511545  9.413169E-17
7429.16675186159  9.209419E-17
7432.55216860773  8.746610E-17
7435.93758535387  7.972282E-17
7439.32300210001  5.822655E-17
7442.70841884615  6.074345E-17
7446.09383559229  1.113573E-16
7449.47925233843  8.829497E-17
7452.86466908457  5.562119E-17
7456.25008583071  7.080943E-17
7459.63550257685  6.798826E-17
7463.02091932299  9.642385E-17
7466.40633606912  8.953095E-17
7469.79175281527  8.380094E-17
7473.1771695614  5.244297E-17
7476.56258630754  4.992088E-17
7479.94800305368  8.349092E-17
7483.33341979982  6.288589E-17
7486.71883654596  6.962258E-17
7490.1042532921  6.168248E-17
7493.48967003824  1.015660E-16
7496.87508678438  8.376793E-17
7500.26050353052  7.962382E-17
7503.64592027666  7.727343E-17
7507.0313370228  5.920369E-17
7510.41675376894  9.743710E-17
7513.80217051508  1.202772E-16
7517.18758726122  1.044627E-16
7520.57300400736  7.898323E-17
7523.9584207535  7.528766E-17
7527.34383749964  7.805569E-17
7530.72925424578  5.218369E-17
7534.11467099191  1.096085E-16
7537.50008773806  9.046106E-17
7540.88550448419  4.737812E-17
7544.27092123033  7.889823E-17
7547.65633797647  5.112482E-17
7551.04175472261  5.529045E-17
7554.42717146875  9.193159E-17
7557.81258821489  9.646659E-17
7561.19800496103  7.934181E-17
7564.58342170717  7.926872E-17
7567.96883845331  1.099833E-16
7571.35425519945  9.939065E-17
7574.73967194559  8.419509E-17
7578.12508869173  7.593115E-17
7581.51050543787  7.111111E-17
7584.89592218401  8.568207E-17
7588.28133893015  8.275735E-17
7591.66675567629  7.383128E-17
7595.05217242243  6.225701E-17
7598.43758916857  3.451656E-17
7601.82300591471  2.680316E-17
7605.20842266085  3.595913E-17
7608.59383940699  1.723943E-17
7611.97925615312  1.666993E-17
7615.36467289927  5.136197E-17
7618.7500896454  5.584204E-17
7622.13550639154  3.710645E-17
7625.52092313768  1.284724E-17
7628.90633988382  3.523978E-17
7632.29175662996  6.471483E-17
7635.6771733761  3.404088E-17
7639.06259012224  4.507525E-17
7642.44800686838  3.998624E-17
7645.83342361452  1.168093E-17
7649.21884036066  4.372013E-17
7652.6042571068  5.694883E-17
7655.98967385294  5.598674E-17
7659.37509059908  6.055876E-17
7662.76050734522  4.766563E-17
7666.14592409136  7.157108E-17
7669.5313408375  7.815852E-17
7672.91675758364  5.028774E-17
7676.30217432978  4.166423E-17
7679.68759107592  4.454507E-17
7683.07300782206  6.813989E-17
7686.4584245682  8.309946E-17
7689.84384131433  4.583902E-17
7693.22925806048  2.017050E-17
7696.61467480661  3.819110E-17
7700.00009155275  4.006402E-17
7703.38550829889  6.379881E-17
7706.77092504503  3.490841E-17
7710.15634179117  4.945771E-17
7713.54175853731  7.694423E-17
7716.92717528345  8.572649E-17
7720.31259202959  4.146737E-17
7723.69800877573  7.055835E-17
7727.08342552187  9.364995E-17
7730.46884226801  1.027728E-16
7733.85425901415  1.264201E-16
7737.23967576029  9.352170E-17
7740.62509250643  5.629542E-17
7744.01050925257  3.811534E-17
7747.39592599871  4.146582E-17
7750.78134274485  5.163929E-17
7754.16675949099  8.456783E-17
7757.55217623713  1.054950E-16
7760.93759298326  6.435597E-17
7764.3230097294  6.091768E-17
7767.70842647554  6.988468E-17
7771.09384322168  7.325820E-17
7774.47925996782  7.458414E-17
7777.86467671396  4.058909E-17
7781.2500934601  4.160400E-17
7784.63551020624  7.750416E-17
7788.02092695238  8.621083E-17
7791.40634369852  5.279552E-17
7794.79176044466  4.753745E-17
7798.1771771908  8.555712E-17
7801.56259393694  6.900263E-17
7804.94801068308  6.408414E-17
7808.33342742922  7.171418E-17
7811.71884417536  2.757582E-17
7815.1042609215  7.226170E-19
7818.48967766764  3.492666E-17
7821.87509441378  9.879256E-17
7825.26051115992  1.244636E-16
7828.64592790606  8.080721E-17
7832.03134465219  9.143960E-17
7835.41676139833  9.239071E-17
7838.80217814447  1.215213E-16
7842.18759489061  4.918621E-17
7845.57301163675  1.766959E-17
7848.95842838289  4.853860E-17
7852.34384512903  6.676216E-17
7855.72926187517  6.102991E-17
7859.11467862131  3.572590E-17
7862.50009536745  3.816274E-17
7865.88551211359  6.567165E-17
7869.27092885973  8.680026E-17
7872.65634560587  9.963213E-17
7876.04176235201  8.778827E-17
7879.42717909815  1.015622E-16
7882.81259584429  5.290114E-17
7886.19801259043  7.595381E-17
7889.58342933657  8.524100E-17
7892.96884608271  8.073983E-17
7896.35426282885  6.959656E-17
7899.73967957498  3.160026E-17
7903.12509632112  6.271873E-17
7906.51051306726  4.680834E-17
7909.8959298134  4.861389E-17
7913.28134655954  7.437831E-17
7916.66676330568  7.182941E-17
7920.05218005182  5.090224E-17
7923.43759679796  2.788572E-17
7926.8230135441  3.608710E-17
7930.20843029024  6.545830E-17
7933.59384703638  7.905311E-17
7936.97926378252  8.507185E-17
7940.36468052866  6.823234E-17
7943.7500972748  3.869496E-17
7947.13551402094  7.321763E-17
7950.52093076708  9.311667E-17
7953.90634751322  6.958922E-17
7957.29176425936  7.326880E-17
7960.6771810055  6.789324E-17
7964.06259775164  5.450917E-17
7967.44801449777  8.050271E-17
7970.83343124392  9.323002E-17
7974.21884799005  6.900991E-17
7977.6042647362  5.431452E-17
7980.98968148233  3.607548E-17
7984.37509822847  3.131332E-17
7987.76051497461  5.109598E-17
7991.14593172075  6.124906E-17
7994.53134846689  4.872956E-17
7997.91676521303  6.696103E-17
8001.30218195917  6.669535E-17
8004.68759870531  5.550568E-17
8008.07301545145  4.406507E-17
8011.45843219759  5.605287E-17
8014.84384894373  5.887853E-17
8018.22926568987  4.821591E-17
8021.61468243601  6.744153E-17
8025.00009918215  5.762257E-17
8028.38551592829  3.505344E-17
8031.77093267443  4.236856E-17
8035.15634942057  8.324617E-17
8038.54176616671  6.344146E-17
8041.92718291285  3.887291E-17
8045.31259965899  5.746399E-17
8048.69801640512  5.935990E-17
8052.08343315126  5.775969E-17
8055.46884989741  6.227798E-17
8058.85426664354  5.690106E-17
8062.23968338968  5.824307E-17
8065.62510013582  5.072225E-17
8069.01051688196  2.729206E-17
8072.3959336281  5.433723E-17
8075.78135037424  6.975053E-17
8079.16676712038  7.227134E-17
8082.55218386652  4.822337E-17
8085.93760061266  7.262459E-17
8089.3230173588  4.897762E-17
8092.70843410494  1.925686E-17
8096.09385085108  6.594886E-17
8099.47926759722  6.503323E-17
8102.86468434336  4.417278E-17
8106.2501010895  6.140440E-17
8109.63551783564  5.026859E-17
8113.02093458177  4.705887E-17
8116.40635132792  1.193350E-17
8119.79176807406  3.111809E-17
8123.1771848202  8.581144E-17
8126.56260156633  8.845432E-17
8129.94801831247  6.900249E-17
8133.33343505861  6.923607E-17
8136.71885180475  6.074730E-17
8140.10426855089  3.250726E-17
8143.48968529703  4.792665E-17
8146.87510204317  9.013607E-17
8150.26051878931  2.261037E-17
8153.64593553545  2.385526E-17
8157.03135228159  3.413388E-17
8160.41676902773  2.618377E-17
8163.80218577387  4.647541E-17
8167.18760252001  6.429809E-17
8170.57301926615  4.102158E-17
8173.95843601229  2.082296E-17
8177.34385275843  5.114528E-17
8180.72926950457  5.796852E-17
8184.11468625071  2.140518E-17
8187.50010299685  5.288511E-17
8190.88551974299  4.437108E-17
8194.27093648912  6.761742E-17
8197.65635323526  9.166052E-17
8201.0417699814  4.485449E-17
8204.42718672754  4.492457E-17
8207.81260347368  7.073766E-17
8211.19802021982  3.419043E-17
8214.58343696596  3.671398E-17
8217.9688537121  6.086998E-17
8221.35427045824  5.776593E-17
8224.73968720438  6.637877E-17
8228.12510395052  2.076034E-17
8231.51052069666  2.530349E-17
8234.8959374428  1.938766E-17
8238.28135418894  3.831055E-17
8241.66677093508  6.515722E-17
8245.05218768122  4.280798E-17
8248.43760442736  4.072583E-17
8251.8230211735  4.852517E-17
8255.20843791963  5.226455E-17
8258.59385466577  7.341113E-17
8261.97927141191  2.670310E-17
8265.36468815806  5.713043E-17
8268.75010490419  6.664802E-17
8272.13552165033  6.680557E-17
8275.52093839647  7.473434E-17
8278.90635514261  7.525391E-17
8282.29177188875  9.889058E-17
8285.67718863489  1.346591E-16
8289.06260538103  7.444463E-17
8292.44802212717  1.334763E-17
8295.83343887331  6.269570E-17
8299.21885561945  6.436511E-17
8302.60427236559  2.135814E-17
8305.98968911173  4.423795E-17
8309.37510585787  7.144931E-17
8312.76052260401  6.041637E-17
8316.14593935015  5.441850E-17
8319.53135609629  4.138780E-17
8322.91677284242  2.244788E-17
8326.30218958857  3.758176E-17
8329.68760633471  6.838110E-17
8333.07302308084  4.771619E-17
8336.45843982698  3.216201E-17
8339.84385657312  6.091040E-17
8343.22927331926  1.698432E-17
8346.6146900654  2.001562E-17
8350.00010681154  6.297046E-17
8353.38552355768  7.320806E-17
8356.77094030382  4.865530E-17
8360.15635704996  7.137338E-18
8363.5417737961  2.988657E-17
8366.92719054224  6.080984E-17
8370.31260728838  3.064884E-17
8373.69802403452  3.974795E-17
8377.08344078066  1.379627E-17
8380.4688575268  4.380396E-17
8383.85427427294  3.551942E-17
8387.23969101908  2.485030E-17
8390.62510776522  5.065359E-17
8394.01052451136  5.519194E-17
8397.3959412575  4.393500E-17
8400.78135800364  6.238041E-17
8404.16677474978  7.011298E-17
8407.55219149592  3.456510E-17
8410.93760824205  2.837171E-17
8414.3230249882  4.549145E-17
8417.70844173433  3.334641E-17
8421.09385848047  4.744477E-17
8424.47927522661  3.603073E-17
8427.86469197275  5.694843E-17
8431.25010871889  5.476645E-17
8434.63552546503  2.534449E-17
8438.02094221117  3.426494E-17
8441.40635895731  4.230297E-17
8444.79177570345  5.056925E-17
8448.17719244959  4.294185E-17
8451.56260919573  8.442461E-18
8454.94802594187  6.235201E-18
8458.33344268801  4.293365E-17
8461.71885943415  6.158730E-17
8465.10427618029  4.512856E-17
8468.48969292643  1.253509E-17
8471.87510967257  1.049440E-17
8475.2605264187  3.467231E-17
8478.64594316485  4.441466E-17
8482.03135991099  6.292863E-17
8485.41677665712  6.626397E-17
8488.80219340327  6.146058E-18
8492.1876101494  9.532167E-18
8495.57302689554  3.388903E-17
8498.95844364168  4.124581E-17
8502.34386038782  5.280997E-17
8505.72927713396  4.798327E-17
8509.1146938801  2.981009E-17
8512.50011062624  2.423003E-17
8515.88552737238  3.218930E-17
8519.27094411852  7.965875E-17
8522.65636086466  8.750647E-17
8526.0417776108  2.683220E-17
8529.42719435694  2.680704E-17
8532.81261110308  4.174360E-17
8536.19802784922  3.273707E-17
8539.58344459536  5.304551E-17
8542.9688613415  5.670158E-17
8546.35427808764  5.696089E-17
8549.73969483378  4.782250E-17
8553.12511157992  2.652333E-17
8556.51052832605  7.076264E-17
8559.89594507219  2.608626E-17
8563.28136181833  2.311887E-17
8566.66677856447  6.975206E-17
8570.05219531061  5.175823E-17
8573.43761205675  2.355706E-17
8576.82302880289  3.908384E-17
8580.20844554903  3.177545E-17
8583.59386229517  4.312830E-17
8586.97927904131  5.593856E-17
8590.36469578745  1.106336E-17
8593.75011253359  1.551867E-17
8597.13552927973  8.788351E-18
8600.52094602587  1.686192E-17
8603.90636277201  1.206243E-17
8607.29177951815  4.080455E-17
8610.67719626429  7.297565E-17
8614.06261301043  3.872608E-17
8617.44802975657  3.460326E-18
8620.8334465027  4.085529E-17
8624.21886324885  7.407636E-17
8627.60427999499  4.384095E-17
8630.98969674112  6.194711E-18
8634.37511348726  3.679555E-17
8637.7605302334  4.440242E-17
8641.14594697954  5.225106E-17
8644.53136372568  1.426720E-17
8647.91678047182  1.275669E-17
8651.30219721796  3.199265E-17
8654.6876139641  1.784906E-17
8658.07303071024  4.494779E-17
8661.45844745638  6.570520E-17
8664.84386420252  8.687738E-17
8668.22928094866  4.720024E-17
8671.6146976948  4.391109E-17
8675.00011444094  3.773075E-17
8678.38553118708  1.503998E-17
8681.77094793322  6.841396E-18
8685.15636467936  1.437673E-17
8688.5417814255  1.161381E-17
8691.92719817164  5.506139E-17
8695.31261491778  8.144886E-17
8698.69803166391  4.148394E-18
8702.08344841005  -6.165772E-18
8705.46886515619  3.517873E-17
8708.85428190233  5.497902E-17
8712.23969864847  4.412186E-17
8715.62511539461  5.057483E-17
8719.01053214075  5.024828E-17
8722.39594888689  2.434053E-17
8725.78136563303  2.299527E-17
8729.16678237917  3.512334E-17
8732.55219912531  5.557530E-17
8735.93761587145  4.928085E-17
8739.32303261759  5.136521E-17
8742.70844936373  4.009243E-17
8746.09386610987  2.549710E-17
8749.47928285601  5.637753E-17
8752.86469960215  7.507637E-17
8756.25011634829  7.117099E-17
8759.63553309443  7.090312E-17
8763.02094984057  5.687705E-17
8766.40636658671  5.960934E-17
8769.79178333285  8.323835E-17
8773.17720007899  1.010524E-16
8776.56261682513  3.156893E-17
8779.94803357127  2.725597E-18
8783.3334503174  1.391742E-17
8786.71886706355  1.754102E-17
8790.10428380968  1.928035E-17
8793.48970055582  3.194926E-17
8796.87511730196  4.868104E-17
8800.2605340481  1.517544E-17
8803.64595079424  -5.209057E-18
8807.03136754038  5.164044E-17
8810.41678428652  3.375730E-17
8813.80220103266  -1.079041E-17
8817.1876177788  2.355519E-17
8820.57303452494  7.716339E-17
8823.95845127108  7.627819E-17
8827.34386801722  5.436897E-17
8830.72928476336  6.280679E-17
8834.1147015095  4.952325E-17
8837.50011825564  4.166795E-17
8840.88553500178  4.337891E-17
8844.27095174792  1.935005E-17
8847.65636849406  2.239589E-17
8851.0417852402  3.482776E-17
8854.42720198633  3.948182E-17
8857.81261873247  2.917713E-17
8861.19803547861  3.453326E-17
8864.58345222475  5.785308E-17
8867.96886897089  6.410094E-17
8871.35428571703  4.345547E-17
8874.73970246317  1.096033E-17
8878.12511920931  5.205886E-17
8881.51053595545  7.452138E-17
8884.89595270159  3.775626E-17
8888.28136944773  2.626094E-17
8891.66678619387  4.631962E-17
8895.05220294001  2.629265E-17
8898.43761968615  -8.758815E-18
8901.82303643229  -1.245180E-17
8905.20845317843  3.693913E-17
8908.59386992457  6.035477E-17
8911.97928667071  3.152180E-17
8915.36470341685  2.177066E-17
8918.75012016299  3.618644E-17
8922.13553690912  2.794235E-17
8925.52095365527  1.822173E-17
8928.9063704014  4.629076E-17
8932.29178714755  5.152405E-17
8935.67720389368  3.394569E-17
8939.06262063982  2.420341E-17
8942.44803738596  2.493868E-17
8945.8334541321  5.372082E-17
8949.21887087824  2.918932E-17
8952.60428762438  5.005714E-17
8955.98970437052  6.358097E-17
8959.37512111666  5.983482E-17
8962.7605378628  4.488679E-17
8966.14595460894  1.966955E-17
8969.53137135508  3.655326E-17
8972.91678810122  2.436388E-17
8976.30220484736  1.402648E-17
8979.6876215935  8.554240E-18
8983.07303833964  3.804959E-17
8986.45845508578  3.287618E-17
8989.84387183192  2.406133E-17
8993.22928857806  4.496504E-17
8996.6147053242  4.763563E-17
9000.00012207034  3.147791E-17
